version https://git-lfs.github.com/spec/v1
oid sha256:0ca79e89d930545063c3c904830c6366984a19ae0c790fadf3e30a81787f0797
size 131205601
